10
10
150 -5 5 70 6
5
3 2 4 1 5 4 5 4 1 5 
5 5 1 5 5 5 5 4 5 1 
4 2 5 1 2 4 3 5 5 4 
3 4 2 1 2 3 4 5 2 5 
5 3 5 2 5 4 2 4 2 5 
1 5 4 4 4 2 2 2 4 4 
5 4 3 1 1 5 2 2 3 2 
4 3 2 5 4 3 2 2 5 5 
3 3 4 5 4 5 2 5 1 2 
1 3 1 1 2 5 5 1 4 5 
1
6 2 Target
1
0 0 Me 0
3
0 7 A1 0
0 1 A2 0
5 8 A3 0
15
3 1 2 3 4 3 2 1 2 4 1 1 3 4 4 
15
5 2 4 3 4 3 3 2 4 1 2 4 2 5 2 
15
3 1 5 1 4 2 1 2 1 4 1 2 2 5 5 
15
1 1 3 3 5 1 1 3 4 4 3 1 3 5 1 
0 0 1 1 0 0 2 0 1 3 0 1 3 1 1 4 1 1 5 1 0 6 1 1 6 2 1
0 7 1 1 7 1 2 7 1 3 7 1 4 7 1 5 7 1 5 6 1 5 5 1 5 4 1 5 3 1 6 3 1 6 2 1
0 1 1 1 1 1 2 1 1 3 1 1 3 2 1 4 2 1 5 2 1 6 2 1
5 8 1 6 8 1 6 7 0 6 6 0 6 5 1 6 4 1 6 3 1 6 2 1
5 5
-1
-1
2 2
1 1 1 1 3 4 2 2 2
2 2 3 3
1 1 1 1 1 2 2 5
4 4 1 1 1 1 3 3 3 5
43.0
170.0
190.0
118.0
1
1
1
1
Human1 Player2 5 Player3 5
Player1
Player2
Player3 Player1 2 2