10
10
150 -5 5 70 6
5
4 4 1 4 2 2 3 1 5 3 
1 5 1 3 4 2 5 5 2 4 
3 3 2 2 3 3 4 3 1 2 
1 3 3 2 1 5 3 3 4 2 
5 3 3 3 5 5 5 1 1 3 
1 3 3 1 1 3 3 2 3 1 
2 1 4 5 2 2 2 1 2 1 
2 2 4 2 3 3 4 3 4 1 
3 3 3 5 1 3 1 3 2 2 
5 5 4 4 1 3 5 3 1 1 
1
5 4 Target
1
1 7 Me 0
3
9 7 A1 0
1 2 A2 0
7 1 A3 0
15
4 2 2 5 1 3 2 1 2 1 4 4 1 2 1 
15
1 5 3 2 5 3 3 3 1 5 1 2 1 1 2 
15
5 1 4 5 1 2 5 1 1 3 3 2 1 1 1 
15
1 2 2 1 5 2 5 5 3 4 1 3 3 4 3 
1 7 1 1 6 1 1 5 1 1 4 1 2 4 1 3 4 1 4 4 0 5 4 1
9 7 1 8 7 1 7 7 1 6 7 1 5 7 1 5 6 1 5 5 1 5 4 1
1 2 1 2 2 1 3 2 1 3 3 1 4 3 1 5 3 1 5 4 1
7 1 1 6 1 1 5 1 1 5 2 1 5 3 1 5 4 1
5
-1
-1
-1
-1
1 1 1 4 4 2 2 2 2
1 1 1 2 2 5 5 5
1 1 1 1 1 5 5 5 4
3 3 4 4 5 5 5 2 2 2
119.0
190.0
195.0
200.0
1
1
1
1
Human1 Player1 5
Player1
Player2
Player3