10
10
150 -5 5 70 6
5
5 4 2 3 2 3 2 4 5 4 
4 3 3 5 4 3 1 3 1 2 
2 1 4 4 3 1 1 3 3 1 
4 2 1 2 2 2 4 2 1 2 
1 1 2 1 2 5 1 1 2 2 
2 5 3 5 1 5 1 4 5 3 
4 2 3 4 5 4 2 2 1 1 
5 5 1 3 3 3 4 5 5 2 
2 3 5 5 4 5 2 2 2 1 
2 3 3 4 5 3 1 3 4 3 
1
7 8 Target
1
2 4 Me 0
3
0 8 A1 0
3 2 A2 0
1 8 A3 0
15
4 5 3 3 1 5 1 3 5 3 4 3 3 1 1 
15
3 3 1 5 1 5 4 5 4 1 3 1 2 3 4 
15
3 3 3 4 3 1 3 1 1 5 4 4 1 4 5 
15
3 2 2 5 5 4 2 5 2 5 5 4 4 3 3 
2 4 1 2 5 1 3 5 0 4 5 1 4 6 1 5 6 1 5 7 1 5 8 1 6 8 1 7 8 1
0 8 1 1 8 1 2 8 1 3 8 1 4 8 1 5 8 1 6 8 1 7 8 1
3 2 1 4 2 0 5 2 1 6 2 1 7 2 1 7 3 1 7 4 1 7 5 1 7 6 1 7 7 1 7 8 1
1 8 1 2 8 1 3 8 0 4 8 1 5 8 1 6 8 0 7 8 1
2
-1
2
1 1
4 3 3 3 3 3 3
4 4 4 3 3 3 5 1
1 1 1 4 4 4
2 2 2 4 4 4 5 5 5 3 3
109.0
190.0
104.0
123.0
1
1
1
1
Human1 Player3 2
Player1
Player2 Player3 2
Player3 Player2 1 1