10
10
150 -5 5 70 6
5
1 4 5 1 1 1 1 3 2 4 
5 5 5 4 5 2 4 1 1 3 
3 5 1 4 2 2 5 4 4 3 
2 2 4 2 5 4 2 3 3 1 
2 1 1 4 4 2 1 1 3 5 
1 2 4 5 5 4 2 2 3 2 
3 5 3 5 3 3 5 1 5 2 
4 3 5 3 4 1 2 4 2 4 
5 5 4 4 5 4 2 1 5 2 
5 1 5 1 2 5 1 4 5 2 
1
5 5 Target
1
0 9 Me 0
3
3 1 A1 0
6 2 A2 0
0 3 A3 0
15
5 3 1 1 5 3 4 3 5 4 1 3 5 5 5 
15
1 5 1 2 5 2 5 2 5 4 3 3 2 3 4 
15
1 4 3 2 1 1 1 4 1 1 4 3 1 2 3 
15
1 1 3 5 2 2 2 3 2 5 5 5 1 1 1 
0 9 1 1 9 1 2 9 1 3 9 1 4 9 1 4 8 1 4 7 1 4 6 1 5 6 0 5 5 1
3 1 1 4 1 1 5 1 1 5 2 1 5 3 1 5 4 1 5 5 1
6 2 1 6 3 0 6 4 1 6 5 1 5 5 1
0 3 1 0 4 1 1 4 1 2 4 3 4 1 4 4 0 5 4 1 5 5 0
2
-1
5
4 4
3 4 5 5 5 5 5
2 2 2 3 3 3 1 5 5
1 1 1 1 1 1 1 2 2 3 4 4
1 1 1 1 2 2 2 5 3 3
109.0
195.0
134.0
118.0
1
1
1
1
Human1 Player1 2
Player1
Player2 Player1 5
Player3 Player2 4 4