10
10
150 -5 5 70 6
5
1 5 2 2 2 5 4 1 5 4 
1 5 2 5 1 5 4 5 1 4 
2 1 2 3 3 5 1 1 2 1 
2 1 5 3 4 2 3 3 5 3 
3 3 1 1 3 3 3 5 1 1 
4 3 2 2 1 4 4 3 5 3 
5 4 3 1 2 3 2 4 3 5 
4 4 3 3 5 5 2 1 4 2 
1 1 2 3 5 5 2 3 3 3 
3 1 4 5 3 2 3 3 5 2 
1
9 9 Target
1
3 6 Me 0
3
6 9 A1 0
6 3 A2 0
3 3 A3 0
15
2 5 5 4 5 1 5 4 4 3 4 4 4 5 4 
15
5 3 4 1 2 5 4 1 1 3 3 1 4 4 1 
15
5 2 5 3 2 1 5 4 2 2 2 4 5 4 5 
15
3 1 1 3 3 3 1 5 2 3 2 4 1 3 5 
3 6 1 4 6 1 5 6 1 6 6 1 6 7 1 7 7 1 7 8 1 8 8 0 9 8 1 9 9 0
6 9 1 7 9 1 8 9 1 9 9 0
6 3 1 6 4 1 7 4 1 7 5 1 7 6 1 7 7 1 7 8 1 8 8 1 9 8 1 9 9 1
3 3 1 4 3 1 4 4 1 5 4 1 5 5 1 6 5 1 7 5 1 8 5 1 8 6 1 8 7 1 8 8 1 8 9 1 9 9 1
3 2
2
-1
-1
4 4 4 4 5 5 5 5
1 1 1 1 1 4 4 4 4 3 3 5 5
2 2 4 4 5 5
1 1 3
38.0
139.0
180.0
165.0
1
1
1
1
Human1 Player1 3 Player2 2
Player1 Player2 2
Player2
Player3