10
10
150 -5 5 70 6
5
4 3 4 1 3 1 2 1 2 4 
1 5 4 4 3 1 1 2 2 4 
3 5 2 1 1 2 2 3 4 4 
2 4 2 5 5 4 4 5 1 2 
1 4 2 3 3 5 4 2 1 1 
2 1 1 3 3 5 5 2 4 4 
1 2 5 1 2 5 1 5 4 2 
2 2 3 3 2 3 5 2 1 2 
5 1 2 2 4 5 4 4 4 1 
2 5 4 1 1 1 1 2 5 1 
1
1 4 Target
1
9 8 Me 0
3
8 0 A1 0
0 8 A2 0
6 5 A3 0
15
4 5 5 5 2 5 5 2 3 1 4 2 3 2 1 
15
2 3 1 5 1 3 4 2 5 5 5 3 4 2 5 
15
5 2 1 2 1 4 4 4 4 4 4 3 3 4 1 
15
1 5 1 1 1 1 3 4 4 3 2 1 2 3 4 
9 8 1 8 8 1 7 8 1 6 8 1 6 7 1 5 7 1 4 7 1 3 7 1 2 7 1 2 6 1 2 5 1 1 5 1 1 4 1
8 0 1 7 0 1 6 0 1 5 0 1 4 0 1 3 0 1 2 0 1 2 1 1 1 1 1 1 2 1 1 3 1 1 4 1
0 8 1 1 8 1 1 7 1 1 6 1 1 5 1 1 4 1
6 5 1 6 4 1 5 4 1 4 4 1 3 4 1 2 4 1 1 4 1
-1
-1
-1
-1
5 5 5
3 5 5 5
1 3 5 4 4 4 4 4 4 4
1 1 1 1 1 2 4 4 4
165.0
170.0
200.0
195.0
1
1
1
1
Human1
Player1
Player2
Player3