10
10
150 -5 5 70 6
5
5 4 5 1 1 4 5 1 4 2 
5 3 3 5 3 2 1 3 2 2 
1 5 3 2 1 5 5 5 2 2 
5 1 4 4 3 3 5 1 5 2 
1 5 1 1 2 2 1 5 3 2 
4 3 4 4 4 4 5 5 4 2 
2 1 1 4 2 1 1 4 2 2 
4 3 5 5 1 5 1 1 1 5 
4 2 1 4 4 2 2 4 5 3 
3 1 5 1 1 4 2 5 3 4 
1
6 0 Target
1
8 9 Me 0
3
0 1 A1 0
9 8 A2 0
1 5 A3 0
15
5 4 3 3 5 4 5 4 3 2 2 1 5 2 2 
15
3 3 3 4 4 2 3 4 4 3 4 1 2 4 3 
15
2 2 1 4 2 5 4 5 5 1 4 5 5 5 3 
15
4 1 1 2 2 2 1 4 4 4 2 5 2 1 3 
8 9 1 8 8 1 8 7 1 8 6 1 8 5 1 7 5 1 7 4 1 7 3 1 7 2 1 7 1 1 7 0 1 6 0 1
0 1 1 1 1 1 2 1 0 3 1 1 4 1 0 5 1 1 5 0 1 6 0 1
9 8 1 8 8 1 8 7 1 8 6 1 7 6 1 7 5 1 7 4 1 7 3 1 7 2 1 7 1 1 7 0 1 6 0 1
1 5 1 2 5 1 3 5 1 4 5 1 5 5 1 6 5 1 6 4 1 6 3 1 6 2 1 6 1 1 6 0 1
-1
5 5
-1
-1
2 3 3 4
4 4 4 4 4 3 3 3 3 2
4 2 5 5
2 2 4 4 1
170.0
124.0
170.0
175.0
1
1
1
1
Human1
Player1 Player2 5 5
Player2
Player3