10
10
150 -5 5 70 6
5
3 3 5 3 1 1 4 2 3 3 
1 4 3 5 3 2 3 1 3 4 
5 3 3 3 2 5 2 3 3 1 
5 3 5 4 3 5 4 3 5 3 
1 5 3 1 2 2 1 4 1 1 
3 4 3 2 4 3 3 4 2 3 
4 3 5 2 4 5 3 1 4 3 
5 4 3 4 5 2 4 5 2 1 
4 5 4 4 2 1 1 4 1 5 
4 2 3 4 4 3 3 4 1 4 
1
5 9 Target
1
1 2 Me 0
3
7 7 A1 0
9 0 A2 0
6 2 A3 0
15
1 5 2 5 4 1 2 2 2 1 4 5 1 5 5 
15
1 2 2 3 4 1 3 2 4 4 1 5 4 1 4 
15
4 2 4 4 2 2 4 2 3 3 2 3 3 4 3 
15
1 4 5 2 5 5 4 4 2 4 1 1 2 2 2 
1 2 1 2 2 0 3 2 1 3 3 1 4 3 1 4 4 1 4 5 1 4 6 1 4 7 1 4 8 1 5 8 1 5 9 0
7 7 1 6 7 1 5 7 1 5 8 1 5 9 1
9 0 1 9 1 1 9 2 1 9 3 1 8 3 1 7 3 1 6 3 1 5 3 1 5 4 1 5 5 1 5 6 1 5 7 1 5 8 1 5 9 1
6 2 1 6 3 1 6 4 1 6 5 1 6 6 0 6 7 1 5 7 1 5 8 1 5 9 0
3 3 
-1
-1
3 3 
1 2 5 5 5 5
4 1 1 1 4 4 4 4 3 2 2
3 2
4 4 5 5 1 1 2 2 2
28.0
205.0
160.0
43.0
1
1
1
1
Human1 Player1 3 Player2 3
Player1
Player2
Player3 Player1 3 Player2 3