10
10
150 -5 5 70 6
5
2 2 3 4 4 5 3 1 3 1 
1 5 1 3 3 2 2 2 5 2 
1 4 3 4 5 5 1 2 4 4 
2 2 4 2 5 4 1 2 5 1 
3 5 3 2 2 4 3 4 1 1 
1 5 3 5 2 2 1 5 4 2 
2 2 2 5 2 5 1 3 2 2 
3 5 3 2 2 5 2 5 4 2 
2 1 2 5 5 2 4 4 5 4 
1 2 4 3 1 5 5 3 5 5 
1
9 1 Target
1
1 2 Me 0
3
6 2 A1 0
5 7 A2 0
2 1 A3 0
15
2 1 4 5 4 4 1 2 3 1 1 1 1 1 5 
15
1 3 1 1 5 5 1 3 5 2 2 5 1 4 5 
15
3 2 5 4 5 1 4 5 5 4 1 5 4 1 2 
15
1 4 3 2 2 1 2 4 1 3 1 2 5 5 2 
1 2 1 2 2 1 3 2 1 4 2 0 5 2 0 5 1 1 6 1 1 7 1 1 8 1 1 9 1 1
6 2 1 7 2 1 8 2 1 9 2 1 9 1 1
5 7 1 5 6 1 6 6 1 7 6 1 8 6 1 9 6 1 9 5 1 9 4 1 9 3 1 9 2 1 9 1 1
2 1 1 3 1 1 4 1 1 5 1 1 6 1 1 7 1 0 8 1 1 9 1 1
3 3 
-1
-1
5
1 1 1 1 1 1 4 4
3 1 1 1 1 1 5 5 5 5 5
5 5 5 4 4
2 2 3 3 1 1 1 4 4
108.0
205.0
175.0
119.0
1
1
1
1
Human1 Player3 3 3
Player1
Player2
Player3 Player1 5