10
10
150 -5 5 70 6
5
2 1 5 1 4 4 3 5 2 2 
2 4 2 1 4 2 3 3 5 3 
4 5 3 5 4 4 2 5 1 1 
3 3 1 3 5 2 3 4 4 4 
2 5 2 3 3 1 3 4 1 5 
5 1 3 5 5 3 4 2 5 1 
1 3 3 5 3 4 3 1 5 4 
5 5 2 2 3 5 4 4 4 4 
2 1 4 3 4 5 1 3 5 3 
1 1 3 3 3 2 4 3 4 4 
1
8 1 Target
1
1 9 Me 0
3
9 9 A1 0
4 5 A2 0
0 5 A3 0
15
3 4 1 2 4 2 2 5 2 1 4 5 1 3 2 
15
3 5 3 5 2 3 5 1 1 5 1 2 4 1 2 
15
2 5 5 1 4 5 1 2 2 5 2 5 2 4 5 
15
5 5 2 3 2 3 3 3 2 5 5 1 4 1 2 
1 9 1 2 9 1 2 8 1 2 7 1 2 6 1 2 5 1 3 5 1 4 5 1 5 5 1 6 5 1 7 5 1 7 4 1 7 3 1 7 2 1 8 2 1 8 1 0
9 9 1 8 9 1 8 8 1 8 7 1 8 6 1 8 5 1 8 4 1 8 3 1 8 2 0 8 1 1
4 5 1 5 5 0 5 4 1 5 3 1 6 3 1 7 3 1 7 2 1 8 2 1 8 1 1
0 5 1 1 5 1 2 5 1 3 5 1 4 5 1 5 5 1 5 4 1 6 4 1 7 4 1 7 3 1 7 2 1 7 1 1 8 1 1
1
4
3
-1
2
2 2 2 1 1 5 5
4 1 5 5 5 2 2 2
3 5 5
79.0
109.0
114.0
165.0
1
1
1
1
Human1 Player1 1
Player1 Player2 4
Player2 Player3 3
Player3