10
10
100 -5 5 70 6
10
5 1 1 5 9 7 7 3 9 9 
1 3 7 1 6 3 6 6 9 5 
4 10 9 9 1 3 10 8 1 2 
8 5 6 8 3 6 3 2 10 1 
5 10 3 3 10 1 6 2 3 4 
2 4 2 4 3 9 7 2 7 7 
1 10 2 5 8 7 10 8 10 1 
9 3 3 9 8 9 5 9 7 6 
4 2 1 7 2 1 3 4 2 1 
1 4 6 6 6 7 8 10 10 6 
1
1 6 Target
1
5 5 Me 0
5
8 5 A1 0
5 9 A2 0
7 3 A3 0
4 4 A4 0
6 9 A5 0
15
3 3 1 5 6 10 2 8 1 10 7 2 9 7 8 
15
9 5 10 1 10 2 1 10 5 5 6 1 10 8 2 
15
7 5 10 6 5 10 5 3 7 1 8 7 9 8 1 
15
3 7 6 6 8 3 9 8 10 2 1 9 9 6 10 
15
4 3 3 7 1 1 9 4 6 5 5 9 7 4 4 
15
5 4 2 4 8 10 8 9 6 6 1 3 4 8 2 
5 5 1 4 5 1 3 5 1 2 5 1 1 5 1 1 6 0 
8 5 1 7 5 1 7 6 1 6 6 1 5 6 0 4 6 1 3 6 0 2 6 1 1 6 0 
5 9 1 5 8 1 4 8 1 3 8 1 2 8 1 2 7 1 2 6 1 1 6 1 
7 3 1 7 4 1 6 4 1 5 4 1 4 4 1 4 5 1 3 5 1 2 5 1 2 6 1 1 6 1 
4 4 1 3 4 1 2 4 1 1 4 1 1 5 1 1 6 0 
6 9 1 5 9 0 4 9 1 3 9 1 2 9 1 1 9 1 1 8 1 1 7 1 1 6 1 
6 
3 6 7 
-1 
-1 
6 
7 
2 2 10 10 5 8 8 7 7 9 1 
1 1 1 10 10 2 2 8 5 5 
9 7 7 1 5 5 5 8 
2 9 9 9 6 7 
9 9 5 5 1 7 7 4 4 4 4 
2 10 8 8 8 3 4 4 
129.0
42.0
190.0
180.0
129.0
114.0
1 
1 
1 
1 
1 
1 
Human1 Player3 6
Player1 Player3 7 6 Player5 3
Player2
Player3
Player4 Player3 6
Player5 Player2 7
