10
10
100 -5 5 70 6
10
6 7 5 8 9 6 9 3 4 10 
2 3 10 10 6 3 9 3 8 6 
8 7 4 7 7 10 8 9 3 4 
5 7 5 5 4 2 10 1 1 5 
9 9 1 3 7 8 10 4 4 1 
4 2 8 3 9 10 10 8 9 6 
5 1 3 8 3 5 8 6 5 6 
10 2 3 2 10 9 3 5 8 5 
8 3 1 3 7 6 5 4 4 1 
6 6 6 1 7 4 1 10 7 3 
1
3 9 Target
1
0 5 Me 0
5
1 5 A1 0
6 0 A2 0
0 7 A3 0
8 1 A4 0
2 6 A5 0
15
4 8 9 5 8 10 2 4 6 6 1 8 5 8 8
15
7 3 9 3 2 6 7 5 9 10 10 3 7 10 4
15
4 10 5 10 3 10 10 4 1 5 9 4 8 5 1
15
9 8 9 10 6 1 6 3 3 9 9 3 4 7 6
15
9 8 1 4 10 3 1 10 8 6 5 3 3 10 7
15
10 1 3 5 8 6 9 5 5 4 10 1 4 1 2
0 5 1 0 6 1 0 7 0 0 8 1 1 8 1 1 9 1 2 9 1 3 9 1
1 5 1 1 6 1 1 7 1 2 7 1 2 8 1 2 9 1 3 9 1
6 0 1 5 0 1 5 1 0 5 2 1 5 3 1 5 4 1 5 5 1 5 6 1 4 6 1 3 6 1 3 7 1 3 8 1 3 9 1
0 7 1 1 7 1 2 7 1 2 8 1 3 8 1 3 9 0
8 1 1 7 1 0 7 2 1 6 2 1 5 2 1 5 3 1 5 4 1 4 4 1 4 5 1 4 6 1 3 6 1 3 7 1 3 8 1 3 9 1
2 6 1 3 6 1 3 7 1 3 8 1 3 9 1
3
-1
2
5
2
-1
6 5 8 8 8 8 2 10 1
3 7 7 7 2 10 10 10 6
5 5 4 4
9 9 9 4 8 6 6 6 3 10 7
4 10 6
2 4 4 6 8 10 1 5 5 3 9
119.0
195.0
94.0
129.0
89.0
205.0
1 
1 
1 
1 
1 
1 
Human1 Player1 3
Player1
Player2 Player1 2
Player3 Player2 5
Player4 Player1 2
Player5