10
10
150 -5 5 70 6
10
8 10 3 8 5 8 7 9 9 6 
2 3 5 3 9 7 5 8 1 1 
6 4 1 6 5 2 5 3 3 9 
5 9 1 1 6 1 2 8 3 1 
4 4 9 1 3 3 5 7 4 4 
2 3 6 1 1 1 6 4 1 7 
9 7 2 6 10 8 4 2 7 3 
1 7 2 9 9 6 5 10 6 3 
1 4 5 7 7 7 9 1 10 1 
9 10 9 9 5 7 9 8 1 1 
1
6 0 Target
1
9 7 Me 0
5
2 9 A1 0
4 9 A2 0
4 6 A3 0
8 1 A4 0
5 3 A5 0
20
6 6 8 1 10 8 5 5 4 4 4 7 2 1 2 2 8 2 10 2 
20
7 9 6 3 2 4 10 1 7 1 6 5 7 8 4 1 2 6 6 5 
20
9 8 3 1 1 3 7 5 8 1 10 1 10 7 3 7 6 5 4 10 
20
5 7 10 5 1 7 8 6 2 2 2 6 8 10 6 4 1 8 6 3 
20
6 7 1 8 9 8 4 6 8 6 1 4 5 2 6 8 1 6 1 6 
20
3 9 1 2 8 1 4 5 2 5 5 4 9 10 7 8 1 4 5 2 
9 7 1 8 7 1 7 7 1 6 7 1 6 6 1 6 5 1 6 4 1 6 3 1 6 2 1 6 1 1 6 0 0 
2 9 1 3 9 1 4 9 1 5 9 1 6 9 1 6 8 1 6 7 1 6 6 1 6 5 1 6 4 1 6 3 1 6 2 1 6 1 1 6 0 1 
4 9 1 4 8 1 4 7 1 4 6 1 4 5 1 5 5 1 5 4 1 5 3 1 5 2 1 5 1 1 6 1 1 6 0 1 
4 6 1 5 6 1 6 6 1 6 5 1 6 4 1 6 3 1 6 2 1 6 1 1 6 0 0 
8 1 1 7 1 1 7 0 1 6 0 1 
5 3 1 6 3 0 6 2 1 6 1 1 6 0 1 
9 
-1 
-1 
9 
-1 
6 
1 5 5 6 4 4 2 2 2 8 8 
6 6 6 1 1 5 5 
5 1 8 8 10 10 10 7 3 
5 5 3 8 8 2 2 1 1 10 6 6 7 
6 6 6 6 6 6 1 1 1 8 8 8 8 4 4 5 2 
10 1 1 1 8 8 3 4 4 4 9 5 5 5 5 2 2 
129.0
185.0
195.0
139.0
235.0
159.0
1 
1 
1 
1 
1 
1 
Human1 Player5 9
Player1
Player2
Player3 Player5 9
Player4
Player5 Player1 6
