10
10
100 -5 5 70 6
10
4 9 9 5 9 3 1 6 6 7 
8 3 7 9 8 9 2 1 9 6 
8 10 1 10 10 6 3 6 5 4 
6 10 5 10 10 6 4 4 7 6 
8 1 8 9 10 9 10 7 7 10 
2 4 4 7 7 4 1 1 2 3 
5 3 2 3 1 2 9 9 3 9 
8 8 2 7 10 9 8 9 9 4 
1 4 3 4 7 3 6 3 1 7 
7 8 3 6 10 2 7 8 7 3 
1
2 6 Target
1
6 5 Me 0
5
9 3 A1 0
8 2 A2 0
3 4 A3 0
5 3 A4 0
4 9 A5 0
15
4 5 5 9 5 8 8 3 5 1 7 9 3 1 7 
15
5 2 6 1 4 5 5 10 3 9 1 5 9 6 4 
15
4 7 3 6 5 4 1 8 8 6 3 3 8 7 5 
15
6 10 1 10 10 3 9 3 6 9 3 8 9 8 5 
15
7 1 1 1 5 8 6 9 10 7 1 10 7 6 9 
15
8 5 9 3 5 7 10 2 9 2 9 10 9 8 6 
6 5 1 6 6 1 5 6 1 4 6 0 3 6 1 2 6 1 
9 3 1 8 3 1 7 3 0 7 4 1 6 4 1 6 5 1 5 5 1 4 5 1 3 5 1 2 5 1 2 6 1 
8 2 1 8 3 1 7 3 1 6 3 1 6 4 1 5 4 1 5 5 1 4 5 0 3 5 1 2 5 1 2 6 1 
3 4 1 2 4 1 2 5 1 2 6 1 
5 3 1 4 3 1 3 3 1 3 4 1 3 5 1 2 5 1 2 6 0 
4 9 1 3 9 1 3 8 1 2 8 1 2 7 0 2 6 1 
10 
7 
9 
-1 
3 
6 
8 8 5 5 5 5 1 9 3 7 7 
1 5 5 5 5 9 
8 8 8 5 5 3 
3 3 6 10 10 8 8 5 9 9 9 1 
9 8 5 1 1 1 1 7 7 7 
9 9 9 9 2 2 10 10 8 8 5 
129.0
104.0
104.0
210.0
124.0
129.0
0 
0 
0 
1 
0 
0 
Human1 Player3 10
Player1 Player4 7 
Player2 Player1 9
Player3
Player4 Player2 3
Player5 Player3 6
