10
10
100 -5 5 70 6
10
4 2 9 1 10 2 7 7 9 1 
5 5 1 5 9 4 10 8 9 1 
8 8 2 3 3 10 8 1 5 4 
10 2 7 6 5 3 10 4 10 1 
5 5 7 8 2 1 10 2 8 2 
7 7 2 4 8 10 5 5 6 3 
6 10 9 4 7 7 4 1 9 1 
9 1 3 5 2 4 10 4 8 4 
2 8 10 6 7 3 4 6 6 4 
2 10 9 4 9 9 6 6 2 1 
1
1 5 Target
1
4 7 Me 0
5
5 8 A1 0
8 6 A2 0
4 5 A3 0
9 4 A4 0
1 8 A5 0
15
1 6 6 8 7 7 1 9 1 9 2 3 6 2 4 
15
3 4 5 7 6 5 7 2 5 8 3 8 2 9 10 
15
10 3 5 10 8 1 8 5 7 2 3 2 8 10 5 
15
6 7 1 9 2 10 5 9 2 7 3 4 10 10 7 
15
9 9 8 2 2 8 8 4 5 8 1 5 10 8 3 
15
9 6 2 8 6 2 2 4 10 8 4 2 6 7 1 
4 7 1 3 7 1 2 7 1 1 7 1 1 6 0 1 5 0 
5 8 1 4 8 1 3 8 1 2 8 1 1 8 1 1 7 1 1 6 0 1 5 1 
8 6 1 7 6 1 6 6 0 5 6 1 4 6 1 4 5 1 3 5 1 2 5 1  
4 5 1 3 5 1 2 5 1 1 5 1 
9 4 1 8 4 0 7 4 1 6 4 0 5 4 1 4 4 1 3 4 1 2 4 1 1 4 1 1 5 1 
1 8 1 1 7 1 1 6 1 1 5 1 
4 10 
10 
4 
-1 
7 
-1 
1 1 3 7 7 9 9 6 6 6 2 2 
6 5 5 2 2 7 7 3 3 
2 2 5 5 7 8 8 8 3 
5 2 2 6 7 7 7 1 9 9 10 10 
10 9 1 8 8 8 8 5 
2 2 2 2 9 6 6 6 7 4 8 1 
58.0
119.0
-31.0
210.0
108.0
210.0
0 
0 
0 
1 
0 
1 
Human1 Player3 10 Player5 4
Player1 Player3 10
Player2 Player5 4
Player3
Player4 Player1 7 7
Player5
