10
10
100 -5 5 70 6
10
8 7 4 1 4 9 2 6 3 10 
10 10 5 7 4 4 10 5 5 7 
2 6 8 2 10 1 3 1 8 6 
10 6 4 1 8 2 8 3 6 1 
7 4 2 5 2 3 3 4 7 8 
3 6 6 7 6 5 9 7 4 5 
9 9 4 7 2 7 5 7 6 10 
8 2 6 2 9 3 3 8 2 7 
9 4 7 4 4 10 5 1 4 2 
3 9 6 4 10 1 1 1 10 4 
1
6 5 Target
1
1 7 Me 0
5
3 1 A1 0
2 2 A2 0
6 4 A3 0
3 3 A4 0
5 0 A5 0
15
10 3 9 6 1 6 6 1 3 1 7 10 1 3 3 
15
9 8 2 10 8 7 2 2 5 4 1 10 2 10 7 
15
3 9 3 5 3 5 6 5 1 10 7 3 2 6 7 
15
4 2 5 10 7 1 10 7 7 1 9 3 5 4 10 
15
8 3 5 7 6 2 10 4 9 5 1 8 3 3 10 
15
6 10 5 3 6 9 5 9 4 1 4 8 9 10 6 
1 7 1 2 7 1 3 7 1 4 7 0 4 6 1 5 6 1 6 6 0 6 5 1
3 1 1 4 1 1 4 2 1 4 3 1 5 3 1 6 3 1 6 4 1 6 5 0
2 2 1 2 3 1 3 3 1 4 3 1 5 3 1 5 4 1 5 5 1 6 5 1
6 4 1 6 5 1
3 3 1 4 3 1 4 4 1 5 4 1 5 5 1 6 5 1
5 0 1 5 1 1 5 2 1 5 3 0 5 4 1 5 5 1 6 5 0
4 5
7
-1
-1
-1
7 7
3 3 6 6 6 1 1 1 10 10 
2 2 10 10 10 9 1 8 8 
3 3 3 3 6 9 5 10 
10 10 10 9 5 5 4 4 3 7 7 1 1 2 
1 3 3 3 4 8 8 10 10 9 
1 3 9 9 9 4 4 5 8 10 10 
118.0
119.0
190.0
220.0
200.0
123.0
0
0
1
1
1
0
Human1 Player3 4 5
Player1 Player3 7 
Player2 
Player3
Player4
Player5 Player3 7 7
